0	192	3	299	44.833	-13.906	62.717
0	192	3	299	43.833	-13.906	62.717
0	192	3	299	42.833	-13.906	62.717
0	192	3	299	44.833	-13.906	62.717
0	192	3	299	42.833	-13.906	62.717
0	192	3	299	42.833	-13.906	62.717
0	192	3	299	44.833	-12.906	62.717
0	192	3	299	44.833	-15.906	62.717
0	192	3	299	44.833	-15.906	62.717
0	192	3	299	44.833	-14.906	62.717
0	192	3	299	44.833	-11.906	62.717
0	192	3	299	44.833	-13.906	64.717
0	192	3	299	44.833	-13.906	61.717
0	192	3	299	44.833	-13.906	63.717
0	192	3	299	44.833	-13.906	61.717
0	192	3	299	44.833	-13.906	63.717
0	197	3	299	44.833	-13.906	62.717
0	190	3	299	44.833	-13.906	62.717
0	184	3	299	44.833	-13.906	62.717
0	190	3	299	44.833	-13.906	62.717
0	182	3	299	44.833	-13.906	62.717
0	192	12	299	44.833	-13.906	62.717
0	192	12	299	44.833	-13.906	62.717
0	192	9	299	44.833	-13.906	62.717
0	192	10	299	44.833	-13.906	62.717
0	192	11	299	44.833	-13.906	62.717
0	192	3	300	44.833	-13.906	62.717
0	192	3	292	44.833	-13.906	62.717
0	192	3	308	44.833	-13.906	62.717
0	192	3	301	44.833	-13.906	62.717
0	192	3	289	44.833	-13.906	62.717
0	192	3	299	43.833	-15.906	64.717
0	192	3	299	46.833	-15.906	64.717
0	192	3	299	44.833	-14.906	64.717
0	192	3	299	43.833	-13.906	64.717
0	192	3	299	46.833	-14.906	62.717
0	184	-4	307	44.833	-13.906	62.717
0	184	4	306	44.833	-13.906	62.717
0	202	2	299	44.833	-13.906	62.717
0	198	-2	289	44.833	-13.906	62.717
0	199	-4	299	44.833	-13.906	62.717
0	199	6	306	42.833	-13.906	63.717
0	200	-5	296	45.833	-13.906	60.717
0	188	5	306	43.833	-14.906	61.717
0	194	6	298	44.833	-14.906	60.717
0	196	-2	308	45.833	-14.906	63.717
0	183	11	300	44.833	-15.906	63.717
0	197	1	297	45.833	-13.906	64.717
0	190	1	307	44.833	-15.906	64.717
0	182	4	309	42.833	-13.906	61.717
0	186	7	298	44.833	-13.906	62.717
0	186	7	298	44.833	-13.906	62.717
0	186	7	298	46.833	-13.906	62.717
0	186	7	298	44.833	-13.906	62.717
0	186	7	298	43.833	-13.906	62.717
0	186	7	298	44.833	-13.906	62.717
0	186	7	298	44.833	-12.906	62.717
0	186	7	298	44.833	-11.906	62.717
0	186	7	298	44.833	-13.906	62.717
0	186	7	298	44.833	-12.906	62.717
0	186	7	298	44.833	-15.906	62.717
0	186	7	298	44.833	-13.906	60.717
0	186	7	298	44.833	-13.906	63.717
0	186	7	298	44.833	-13.906	60.717
0	186	7	298	44.833	-13.906	62.717
0	186	7	298	44.833	-13.906	62.717
0	196	7	298	44.833	-13.906	62.717
0	185	7	298	44.833	-13.906	62.717
0	184	7	298	44.833	-13.906	62.717
0	183	7	298	44.833	-13.906	62.717
0	191	7	298	44.833	-13.906	62.717
0	186	13	298	44.833	-13.906	62.717
0	186	1	298	44.833	-13.906	62.717
0	186	12	298	44.833	-13.906	62.717
0	186	13	298	44.833	-13.906	62.717
0	186	9	298	44.833	-13.906	62.717
0	186	7	303	44.833	-13.906	62.717
0	186	7	294	44.833	-13.906	62.717
0	186	7	299	44.833	-13.906	62.717
0	186	7	308	44.833	-13.906	62.717
0	186	7	308	44.833	-13.906	62.717
0	186	7	298	44.833	-11.906	63.717
0	186	7	298	43.833	-15.906	63.717
0	186	7	298	44.833	-11.906	62.717
0	186	7	298	42.833	-14.906	64.717
0	186	7	298	42.833	-12.906	64.717
0	187	6	298	44.833	-13.906	62.717
0	195	12	290	44.833	-13.906	62.717
0	189	16	305	44.833	-13.906	62.717
0	184	5	298	44.833	-13.906	62.717
0	188	17	295	44.833	-13.906	62.717
0	187	17	293	45.833	-12.906	61.717
0	196	0	299	42.833	-13.906	63.717
0	191	5	305	46.833	-12.906	63.717
0	179	13	288	45.833	-13.906	62.717
0	196	11	293	44.833	-11.906	60.717
0	191	12	289	43.833	-11.906	62.717
0	195	5	306	44.833	-11.906	64.717
0	193	-3	298	43.833	-15.906	64.717
0	193	12	289	45.833	-12.906	64.717
0	195	0	297	44.833	-13.906	63.717
0	195	0	297	43.833	-13.906	63.717
0	195	0	297	42.833	-13.906	63.717
0	195	0	297	42.833	-13.906	63.717
0	195	0	297	45.833	-13.906	63.717
0	195	0	297	44.833	-13.906	63.717
0	195	0	297	44.833	-13.906	63.717
0	195	0	297	44.833	-12.906	63.717
0	195	0	297	44.833	-11.906	63.717
0	195	0	297	44.833	-12.906	63.717
0	195	0	297	44.833	-13.906	63.717
0	195	0	297	44.833	-13.906	62.717
0	195	0	297	44.833	-13.906	65.717
0	195	0	297	44.833	-13.906	65.717
0	195	0	297	44.833	-13.906	62.717
0	195	0	297	44.833	-13.906	62.717
0	189	0	297	44.833	-13.906	63.717
0	205	0	297	44.833	-13.906	63.717
0	202	0	297	44.833	-13.906	63.717
0	191	0	297	44.833	-13.906	63.717
0	201	0	297	44.833	-13.906	63.717
0	195	6	297	44.833	-13.906	63.717
0	195	6	297	44.833	-13.906	63.717
0	195	-3	297	44.833	-13.906	63.717
0	195	-3	297	44.833	-13.906	63.717
0	195	10	297	44.833	-13.906	63.717
0	195	0	290	44.833	-13.906	63.717
0	195	0	287	44.833	-13.906	63.717
0	195	0	307	44.833	-13.906	63.717
0	195	0	306	44.833	-13.906	63.717
0	195	0	305	44.833	-13.906	63.717
0	195	0	297	42.833	-12.906	63.717
0	195	0	297	43.833	-12.906	61.717
0	195	0	297	42.833	-12.906	62.717
0	195	0	297	42.833	-15.906	63.717
0	195	0	297	46.833	-14.906	61.717
0	198	-7	296	44.833	-13.906	63.717
0	194	-1	291	44.833	-13.906	63.717
0	187	-8	298	44.833	-13.906	63.717
0	195	10	302	44.833	-13.906	63.717
0	195	9	298	44.833	-13.906	63.717
0	190	-7	306	45.833	-13.906	65.717
0	193	1	304	43.833	-14.906	65.717
0	198	4	291	45.833	-11.906	64.717
0	195	3	301	42.833	-15.906	61.717
0	186	-9	303	46.833	-12.906	61.717
0	189	2	302	43.833	-15.906	64.717
0	185	4	296	43.833	-11.906	64.717
0	185	7	297	45.833	-13.906	65.717
0	193	-6	292	45.833	-12.906	61.717
0	173	-5	314	39.833	-9.906	64.717
0	173	-5	314	37.833	-9.906	64.717
0	173	-5	314	40.833	-9.906	64.717
0	173	-5	314	40.833	-9.906	64.717
0	173	-5	314	39.833	-9.906	64.717
0	173	-5	314	37.833	-9.906	64.717
0	173	-5	314	39.833	-8.906	64.717
0	173	-5	314	39.833	-11.906	64.717
0	173	-5	314	39.833	-11.906	64.717
0	173	-5	314	39.833	-8.906	64.717
0	173	-5	314	39.833	-10.906	64.717
0	173	-5	314	39.833	-9.906	66.717
0	173	-5	314	39.833	-9.906	66.717
0	173	-5	314	39.833	-9.906	62.717
0	173	-5	314	39.833	-9.906	63.717
0	173	-5	314	39.833	-9.906	63.717
0	181	-5	314	39.833	-9.906	64.717
0	169	-5	314	39.833	-9.906	64.717
0	181	-5	314	39.833	-9.906	64.717
0	178	-5	314	39.833	-9.906	64.717
0	169	-5	314	39.833	-9.906	64.717
0	173	-3	314	39.833	-9.906	64.717
0	173	-11	314	39.833	-9.906	64.717
0	173	-8	314	39.833	-9.906	64.717
0	173	-7	314	39.833	-9.906	64.717
0	173	2	314	39.833	-9.906	64.717
0	173	-5	320	39.833	-9.906	64.717
0	173	-5	316	39.833	-9.906	64.717
0	173	-5	324	39.833	-9.906	64.717
0	173	-5	320	39.833	-9.906	64.717
0	173	-5	310	39.833	-9.906	64.717
0	173	-5	314	39.833	-10.906	65.717
0	173	-5	314	39.833	-10.906	65.717
0	173	-5	314	37.833	-10.906	63.717
0	173	-5	314	40.833	-9.906	64.717
0	173	-5	314	39.833	-7.906	62.717
0	169	-1	308	39.833	-9.906	64.717
0	164	-7	313	39.833	-9.906	64.717
0	177	-5	320	39.833	-9.906	64.717
0	164	-11	313	39.833	-9.906	64.717
0	174	-12	308	39.833	-9.906	64.717
0	178	4	316	38.833	-10.906	65.717
0	183	-12	307	40.833	-9.906	65.717
0	165	-12	308	37.833	-11.906	66.717
0	168	-6	307	41.833	-10.906	63.717
0	170	-14	320	41.833	-8.906	66.717
0	182	-13	320	38.833	-9.906	66.717
0	179	-4	308	39.833	-9.906	62.717
0	168	-8	321	38.833	-11.906	66.717
0	165	-4	313	37.833	-9.906	63.717
0	180	4	297	44.833	-13.906	62.717
0	180	4	297	43.833	-13.906	62.717
0	180	4	297	45.833	-13.906	62.717
0	180	4	297	45.833	-13.906	62.717
0	180	4	297	42.833	-13.906	62.717
0	180	4	297	44.833	-13.906	62.717
0	180	4	297	44.833	-12.906	62.717
0	180	4	297	44.833	-13.906	62.717
0	180	4	297	44.833	-11.906	62.717
0	180	4	297	44.833	-11.906	62.717
0	180	4	297	44.833	-15.906	62.717
0	180	4	297	44.833	-13.906	62.717
0	180	4	297	44.833	-13.906	61.717
0	180	4	297	44.833	-13.906	64.717
0	180	4	297	44.833	-13.906	64.717
0	180	4	297	44.833	-13.906	63.717
0	171	4	297	44.833	-13.906	62.717
0	189	4	297	44.833	-13.906	62.717
0	175	4	297	44.833	-13.906	62.717
0	185	4	297	44.833	-13.906	62.717
0	171	4	297	44.833	-13.906	62.717
0	180	5	297	44.833	-13.906	62.717
0	180	4	297	44.833	-13.906	62.717
0	180	0	297	44.833	-13.906	62.717
0	180	11	297	44.833	-13.906	62.717
0	180	6	297	44.833	-13.906	62.717
0	180	4	295	44.833	-13.906	62.717
0	180	4	292	44.833	-13.906	62.717
0	180	4	306	44.833	-13.906	62.717
0	180	4	296	44.833	-13.906	62.717
0	180	4	292	44.833	-13.906	62.717
0	180	4	297	46.833	-12.906	60.717
0	180	4	297	46.833	-15.906	60.717
0	180	4	297	44.833	-13.906	64.717
0	180	4	297	43.833	-13.906	61.717
0	180	4	297	46.833	-13.906	62.717
0	180	2	287	44.833	-13.906	62.717
0	186	-3	288	44.833	-13.906	62.717
0	174	7	295	44.833	-13.906	62.717
0	170	-4	301	44.833	-13.906	62.717
0	173	13	290	44.833	-13.906	62.717
0	178	-3	291	46.833	-13.906	62.717
0	183	14	291	42.833	-13.906	62.717
0	174	4	307	43.833	-12.906	60.717
0	175	8	296	43.833	-13.906	64.717
0	183	10	307	44.833	-12.906	61.717
0	177	-2	306	45.833	-12.906	63.717
0	173	9	296	45.833	-15.906	63.717
0	188	-4	302	46.833	-12.906	61.717
0	171	7	293	42.833	-13.906	60.717
0	183	9	295	45.833	-14.906	61.717
0	183	9	295	47.833	-14.906	61.717
0	183	9	295	44.833	-14.906	61.717
0	183	9	295	46.833	-14.906	61.717
0	183	9	295	44.833	-14.906	61.717
0	183	9	295	44.833	-14.906	61.717
0	183	9	295	45.833	-15.906	61.717
0	183	9	295	45.833	-12.906	61.717
0	183	9	295	45.833	-14.906	61.717
0	183	9	295	45.833	-16.906	61.717
0	183	9	295	45.833	-16.906	61.717
0	183	9	295	45.833	-14.906	62.717
0	183	9	295	45.833	-14.906	60.717
0	183	9	295	45.833	-14.906	62.717
0	183	9	295	45.833	-14.906	63.717
0	183	9	295	45.833	-14.906	62.717
0	191	9	295	45.833	-14.906	61.717
0	188	9	295	45.833	-14.906	61.717
0	184	9	295	45.833	-14.906	61.717
0	177	9	295	45.833	-14.906	61.717
0	183	9	295	45.833	-14.906	61.717
0	183	11	295	45.833	-14.906	61.717
0	183	18	295	45.833	-14.906	61.717
0	183	4	295	45.833	-14.906	61.717
0	183	17	295	45.833	-14.906	61.717
0	183	11	295	45.833	-14.906	61.717
0	183	9	289	45.833	-14.906	61.717
0	183	9	295	45.833	-14.906	61.717
0	183	9	303	45.833	-14.906	61.717
0	183	9	297	45.833	-14.906	61.717
0	183	9	291	45.833	-14.906	61.717
0	183	9	295	43.833	-14.906	59.717
0	183	9	295	46.833	-16.906	60.717
0	183	9	295	45.833	-12.906	63.717
0	183	9	295	47.833	-12.906	63.717
0	183	9	295	45.833	-14.906	62.717
0	189	7	302	45.833	-14.906	61.717
0	178	11	291	45.833	-14.906	61.717
0	188	8	295	45.833	-14.906	61.717
0	185	-1	299	45.833	-14.906	61.717
0	193	15	291	45.833	-14.906	61.717
0	178	12	287	47.833	-14.906	59.717
0	176	15	293	46.833	-16.906	60.717
0	193	1	305	45.833	-16.906	63.717
0	191	1	305	45.833	-12.906	63.717
0	185	5	291	46.833	-12.906	59.717
0	182	10	298	43.833	-13.906	61.717
0	188	11	300	46.833	-15.906	60.717
0	182	16	301	43.833	-13.906	60.717
0	188	13	299	45.833	-12.906	60.717
0	190	6.25922	297	43.833	-15.906	62.717
0	190	6.25922	297	43.833	-15.906	62.717
0	190	6.25922	297	42.833	-15.906	62.717
0	190	6.25922	297	42.833	-15.906	62.717
0	190	6.25922	297	44.833	-15.906	62.717
0	190	6.25922	297	42.833	-15.906	62.717
0	190	6.25922	297	43.833	-15.906	62.717
0	190	6.25922	297	43.833	-17.906	62.717
0	190	6.25922	297	43.833	-15.906	62.717
0	190	6.25922	297	43.833	-13.906	62.717
0	190	6.25922	297	43.833	-13.906	62.717
0	190	6.25922	297	43.833	-15.906	64.717
0	190	6.25922	297	43.833	-15.906	60.717
0	190	6.25922	297	43.833	-15.906	61.717
0	190	6.25922	297	43.833	-15.906	63.717
0	190	6.25922	297	43.833	-15.906	63.717
0	190	6.25922	297	43.833	-15.906	62.717
0	181	6.25922	297	43.833	-15.906	62.717
0	181	6.25922	297	43.833	-15.906	62.717
0	181	6.25922	297	43.833	-15.906	62.717
0	189	6.25922	297	43.833	-15.906	62.717
0	190	12	297	43.833	-15.906	62.717
0	190	13	297	43.833	-15.906	62.717
0	190	12	297	43.833	-15.906	62.717
0	190	8	297	43.833	-15.906	62.717
0	190	3	297	43.833	-15.906	62.717
0	190	6.25922	297	43.833	-15.906	62.717
0	190	6.25922	292	43.833	-15.906	62.717
0	190	6.25922	306	43.833	-15.906	62.717
0	190	6.25922	288	43.833	-15.906	62.717
0	190	6.25922	306	43.833	-15.906	62.717
0	190	6.25922	297	44.833	-17.906	63.717
0	190	6.25922	297	42.833	-16.906	64.717
0	190	6.25922	297	44.833	-16.906	61.717
0	190	6.25922	297	45.833	-17.906	62.717
0	190	6.25922	297	45.833	-13.906	60.717
0	182	-3	307	43.833	-15.906	62.717
0	182	-2	295	43.833	-15.906	62.717
0	198	12	290	43.833	-15.906	62.717
0	189	-3	298	43.833	-15.906	62.717
0	192	16	299	43.833	-15.906	62.717
0	190	-1	297	43.833	-17.906	64.717
0	184	11	301	43.833	-15.906	63.717
0	193	9	289	41.833	-16.906	60.717
0	189	13	288	44.833	-17.906	61.717
0	198	-2	304	43.833	-17.906	61.717
0	199	-2	303	42.833	-16.906	60.717
0	196	13	294	43.833	-15.906	60.717
0	197	-1	302	42.833	-17.906	60.717
0	180	-2	291	43.833	-15.906	63.717
0	184	5	297	44.833	-13.906	62.717
0	184	5	297	42.833	-13.906	62.717
0	184	5	297	46.833	-13.906	62.717
0	184	5	297	42.833	-13.906	62.717
0	184	5	297	45.833	-13.906	62.717
0	184	5	297	46.833	-13.906	62.717
0	184	5	297	44.833	-15.906	62.717
0	184	5	297	44.833	-11.906	62.717
0	184	5	297	44.833	-13.906	62.717
0	184	5	297	44.833	-11.906	62.717
0	184	5	297	44.833	-13.906	62.717
0	184	5	297	44.833	-13.906	63.717
0	184	5	297	44.833	-13.906	60.717
0	184	5	297	44.833	-13.906	64.717
0	184	5	297	44.833	-13.906	60.717
0	184	5	297	44.833	-13.906	60.717
0	193	5	297	44.833	-13.906	62.717
0	178	5	297	44.833	-13.906	62.717
0	181	5	297	44.833	-13.906	62.717
0	174	5	297	44.833	-13.906	62.717
0	175	5	297	44.833	-13.906	62.717
0	184	3	297	44.833	-13.906	62.717
0	184	10	297	44.833	-13.906	62.717
0	184	13	297	44.833	-13.906	62.717
0	184	-5	297	44.833	-13.906	62.717
0	184	-4	297	44.833	-13.906	62.717
0	184	5	306	44.833	-13.906	62.717
0	184	5	307	44.833	-13.906	62.717
0	184	5	292	44.833	-13.906	62.717
0	184	5	305	44.833	-13.906	62.717
0	184	5	301	44.833	-13.906	62.717
0	184	5	297	46.833	-13.906	61.717
0	184	5	297	42.833	-15.906	60.717
0	184	5	297	44.833	-14.906	64.717
0	184	5	297	43.833	-12.906	64.717
0	184	5	297	43.833	-12.906	64.717
0	193	5	292	44.833	-13.906	62.717
0	180	5	291	44.833	-13.906	62.717
0	186	-3	289	44.833	-13.906	62.717
0	186	-2	306	44.833	-13.906	62.717
0	183	4	301	44.833	-13.906	62.717
0	177	5	292	44.833	-12.906	61.717
0	189	11	297	45.833	-13.906	63.717
0	176	9	288	42.833	-14.906	63.717
0	180	9	306	43.833	-15.906	61.717
0	185	10	289	42.833	-12.906	63.717
0	174	0	306	46.833	-14.906	60.717
0	183	1	288	42.833	-13.906	60.717
0	179	-1	293	43.833	-12.906	63.717
0	190	6	297	44.833	-14.906	62.717
0	185	3	296.981	44.833	-13.906	62.717
0	185	3	296.981	43.833	-13.906	62.717
0	185	3	296.981	45.833	-13.906	62.717
0	185	3	296.981	44.833	-13.906	62.717
0	185	3	296.981	44.833	-13.906	62.717
0	185	3	296.981	45.833	-13.906	62.717
0	185	3	296.981	44.833	-13.906	62.717
0	185	3	296.981	44.833	-13.906	62.717
0	185	3	296.981	44.833	-12.906	62.717
0	185	3	296.981	44.833	-14.906	62.717
0	185	3	296.981	44.833	-15.906	62.717
0	185	3	296.981	44.833	-13.906	62.717
0	185	3	296.981	44.833	-13.906	64.717
0	185	3	296.981	44.833	-13.906	60.717
0	185	3	296.981	44.833	-13.906	64.717
0	185	3	296.981	44.833	-13.906	61.717
0	177	3	296.981	44.833	-13.906	62.717
0	176	3	296.981	44.833	-13.906	62.717
0	189	3	296.981	44.833	-13.906	62.717
0	191	3	296.981	44.833	-13.906	62.717
0	181	3	296.981	44.833	-13.906	62.717
0	185	9	296.981	44.833	-13.906	62.717
0	185	13	296.981	44.833	-13.906	62.717
0	185	3	296.981	44.833	-13.906	62.717
0	185	-7	296.981	44.833	-13.906	62.717
0	185	7	296.981	44.833	-13.906	62.717
0	185	3	289	44.833	-13.906	62.717
0	185	3	296	44.833	-13.906	62.717
0	185	3	288	44.833	-13.906	62.717
0	185	3	300	44.833	-13.906	62.717
0	185	3	295	44.833	-13.906	62.717
0	185	3	296.981	43.833	-13.906	60.717
0	185	3	296.981	45.833	-14.906	60.717
0	185	3	296.981	43.833	-12.906	63.717
0	185	3	296.981	46.833	-12.906	62.717
0	185	3	296.981	46.833	-14.906	62.717
0	177	10	298	44.833	-13.906	62.717
0	190	3	304	44.833	-13.906	62.717
0	183	1	291	44.833	-13.906	62.717
0	184	-6	293	44.833	-13.906	62.717
0	194	-6	305	44.833	-13.906	62.717
0	180	10	288	46.833	-15.906	60.717
0	192	3	296	44.833	-13.906	63.717
0	183	-1	301	43.833	-14.906	61.717
0	185	-6	306	45.833	-13.906	63.717
0	183	9	293	46.833	-12.906	61.717
0	186	11	289	44.833	-11.906	63.717
0	182	7	297	46.833	-14.906	60.717
0	193	-2	297	43.833	-11.906	62.717
0	176	4	305	42.833	-14.906	60.717
0	185	6.25922	300	44.833	-14.906	62.717
0	185	6.25922	300	42.833	-14.906	62.717
0	185	6.25922	300	43.833	-14.906	62.717
0	185	6.25922	300	45.833	-14.906	62.717
0	185	6.25922	300	45.833	-14.906	62.717
0	185	6.25922	300	45.833	-14.906	62.717
0	185	6.25922	300	44.833	-15.906	62.717
0	185	6.25922	300	44.833	-14.906	62.717
0	185	6.25922	300	44.833	-15.906	62.717
0	185	6.25922	300	44.833	-15.906	62.717
0	185	6.25922	300	44.833	-14.906	62.717
0	185	6.25922	300	44.833	-14.906	61.717
0	185	6.25922	300	44.833	-14.906	61.717
0	185	6.25922	300	44.833	-14.906	60.717
0	185	6.25922	300	44.833	-14.906	60.717
0	185	6.25922	300	44.833	-14.906	64.717
0	183	6.25922	300	44.833	-14.906	62.717
0	175	6.25922	300	44.833	-14.906	62.717
0	192	6.25922	300	44.833	-14.906	62.717
0	187	6.25922	300	44.833	-14.906	62.717
0	191	6.25922	300	44.833	-14.906	62.717
0	185	16	300	44.833	-14.906	62.717
0	185	-3	300	44.833	-14.906	62.717
0	185	1	300	44.833	-14.906	62.717
0	185	-3	300	44.833	-14.906	62.717
0	185	14	300	44.833	-14.906	62.717
0	185	6.25922	297	44.833	-14.906	62.717
0	185	6.25922	301	44.833	-14.906	62.717
0	185	6.25922	304	44.833	-14.906	62.717
0	185	6.25922	294	44.833	-14.906	62.717
0	185	6.25922	294	44.833	-14.906	62.717
0	185	6.25922	300	46.833	-12.906	61.717
0	185	6.25922	300	44.833	-16.906	61.717
0	185	6.25922	300	42.833	-14.906	64.717
0	185	6.25922	300	44.833	-12.906	60.717
0	185	6.25922	300	45.833	-15.906	63.717
0	181	12	297	44.833	-14.906	62.717
0	176	1	292	44.833	-14.906	62.717
0	175	2	295	44.833	-14.906	62.717
0	176	-2	302	44.833	-14.906	62.717
0	185	12	304	44.833	-14.906	62.717
0	190	11	292	46.833	-12.906	63.717
0	177	0	302	43.833	-15.906	63.717
0	190	3	300	44.833	-13.906	62.717
0	183	9	300	42.833	-13.906	61.717
0	188	8	304	42.833	-12.906	64.717
0	192	13	291	45.833	-13.906	60.717
0	191	15	307	44.833	-15.906	61.717
0	180	16	294	45.833	-14.906	62.717
0	193	4	298	45.833	-13.906	60.717
