A     RMSD Alpha_z.A  Beta_y.A Gamma_x.A   tx.A    ty.A   tz.A Unit.A   Belief
  1.25413   190.196   6.25922   296.981 44.833 -13.906 62.717      A 7.756325
 37.61380   311.631 347.56500   122.011 54.789 -16.502 41.513      A 6.538189
 47.92750   162.289  73.32190   197.711 22.407  -6.294 26.840      A 6.151229
 56.85370   165.488 316.54800   194.512 17.706  -2.190 21.551      A 5.918909
B     RMSD Alpha_z.B Beta_y.B Gamma_x.B   tx.B    ty.B   tz.B Unit.B   Belief
  1.86471  130.5500 306.6610  310.7450 54.337 -15.824 40.916      B 7.750165
 48.95120  162.4950   0.0000  180.0000 18.710  -1.611 23.383      B 6.817095
 38.36020   31.8558  54.2443  148.2060 46.826 -14.752 62.856      B 6.789593
 46.48750   64.2174 319.7320  154.0840 23.191  -7.394 26.636      B 6.668053
 24.00140   64.0893 333.0910   87.4909 59.158 -18.623 46.870      B 6.521843
 32.35720   58.5945  17.9306  238.5330 47.064 -16.062 54.719      B 6.201131
 49.93470  212.8330  47.7238   78.0863 15.020  -8.549 25.868      B 5.934010
C     RMSD Alpha_z.C  Beta_y.C Gamma_x.C   tx.C    ty.C   tz.C Unit.C   Belief
  2.55031  110.8260 330.22100   20.7980 19.552   3.373 21.795      C 7.761250
 39.65460  284.5530  43.33270  284.5530 19.806  11.089 23.911      C 6.871788
 20.13150   83.8374 325.40200  109.3340 22.471  -0.257 29.009      C 6.743386
 38.31000  333.0830   2.19491  243.1630 25.156  -8.299 27.005      C 6.590328
 36.20970  154.2090 333.13100  177.5740 14.857  -6.075 24.733      C 6.574679
 29.90120  233.8380  65.70780   36.1883 20.005  -3.697 18.018      C 6.554771
 39.53360  295.6630   1.90383   45.7250 20.271 -12.732 17.576      C 6.461843
 27.77970   10.1843   6.26253  116.9210 26.865  -1.003 21.767      C 6.445422
 41.46440  211.4170 342.07300  148.5830 18.682 -13.406 27.869      C 6.399343
 33.12430  225.6720   1.90830   25.6192 12.265  -8.502 17.381      C 6.371080
 35.98560   92.1463  25.60290  135.2840 32.492 -10.764 31.814      C 6.246353
 43.19990  245.6890  30.95440  155.6640 26.582 -16.262 23.588      C 6.114595
 42.84330  252.1590 342.96000  182.6950 25.651 -15.752 32.171      C 6.045855
 32.65730  101.2120 334.66700  258.7880 23.410  -3.965 36.370      C 6.012818
 57.46150    0.0000  89.95690    0.0000 44.664 -14.559 53.491      C 5.913047
 55.55000  292.9090 281.38800  292.9090 52.302 -16.056 49.865      C 5.860737
 49.17180  122.8760  47.67720  168.1390 44.882 -14.135 40.520      C 5.616969
 64.00160   62.8177 316.60000  332.6820 54.560 -13.261 65.943      C 5.487522
 60.37950  272.7270 314.35900  113.6680 52.429 -23.937 45.110      C 5.434009
 56.94020   44.8604 355.65100   10.5033 52.443 -12.281 57.856      C 5.417233
 58.64180  207.4800  44.29540  272.6640 39.504 -16.932 59.878      C 5.408696
 59.18570  306.3580  65.70780  323.8120 53.051 -23.176 36.190      C 5.383656
 62.73890  348.7110 334.62500   11.2889 48.910 -20.521 58.249      C 5.270524
 68.60480    0.0000 270.01700    0.0000 47.375 -19.324 69.374      C 5.180417
 47.63310   90.0990 305.38400  269.9010 40.324 -12.248 47.138      C 4.978156
A-B     RMSD Alpha_z.A  Beta_y.A Gamma_x.A   tx.A    ty.A   tz.A Unit.A Alpha_z.B Beta_y.B Gamma_x.B   tx.B    ty.B   tz.B Unit.B clashes   no_clashes    Belief
  1.58933   190.196   6.25922   296.981 44.833 -13.906 62.717      A  130.5500 306.6610  310.7450 54.337 -15.824 40.916      B      30 9.657534e-01 4.5726326
 32.90020   190.196   6.25922   296.981 44.833 -13.906 62.717      A   64.2174 319.7320  154.0840 23.191  -7.394 26.636      B      36 9.589041e-01 4.2367821
 34.64260   190.196   6.25922   296.981 44.833 -13.906 62.717      A  162.4950   0.0000  180.0000 18.710  -1.611 23.383      B       5 9.942922e-01 4.0572497
 43.40340   162.289  73.32190   197.711 22.407  -6.294 26.840      A   31.8558  54.2443  148.2060 46.826 -14.752 62.856      B       2 9.977169e-01 3.5952994
 33.89830   162.289  73.32190   197.711 22.407  -6.294 26.840      A  130.5500 306.6610  310.7450 54.337 -15.824 40.916      B     151 8.276256e-01 3.5951144
 37.98920   311.631 347.56500   122.011 54.789 -16.502 41.513      A   31.8558  54.2443  148.2060 46.826 -14.752 62.856      B      77 9.121005e-01 3.3739421
 17.00330   190.196   6.25922   296.981 44.833 -13.906 62.717      A   64.0893 333.0910   87.4909 59.158 -18.623 46.870      B     205 7.659817e-01 3.3275166
 42.28860   311.631 347.56500   122.011 54.789 -16.502 41.513      A   64.2174 319.7320  154.0840 23.191  -7.394 26.636      B     127 8.550228e-01 3.2711745
 43.65780   311.631 347.56500   122.011 54.789 -16.502 41.513      A  162.4950   0.0000  180.0000 18.710  -1.611 23.383      B      16 9.817352e-01 3.2092869
 35.33820   190.196   6.25922   296.981 44.833 -13.906 62.717      A  212.8330  47.7238   78.0863 15.020  -8.549 25.868      B       2 9.977169e-01 3.1672643
 40.20290   165.488 316.54800   194.512 17.706  -2.190 21.551      A  130.5500 306.6610  310.7450 54.337 -15.824 40.916      B      14 9.840183e-01 3.1567367
 40.88250   162.289  73.32190   197.711 22.407  -6.294 26.840      A   58.5945  17.9306  238.5330 47.064 -16.062 54.719      B      30 9.657534e-01 3.0065141
 37.89040   162.289  73.32190   197.711 22.407  -6.294 26.840      A   64.0893 333.0910   87.4909 59.158 -18.623 46.870      B       5 9.942922e-01 2.9455855
 22.90880   190.196   6.25922   296.981 44.833 -13.906 62.717      A   58.5945  17.9306  238.5330 47.064 -16.062 54.719      B     548 3.744292e-01 2.9275279
 48.48740   165.488 316.54800   194.512 17.706  -2.190 21.551      A   31.8558  54.2443  148.2060 46.826 -14.752 62.856      B       0 1.000000e+00 2.9053207
 27.15300   190.196   6.25922   296.981 44.833 -13.906 62.717      A   31.8558  54.2443  148.2060 46.826 -14.752 62.856      B     876 1.141553e-09 2.5333422
 48.44250   162.289  73.32190   197.711 22.407  -6.294 26.840      A  162.4950   0.0000  180.0000 18.710  -1.611 23.383      B     607 3.070776e-01 2.4289909
 35.08150   311.631 347.56500   122.011 54.789 -16.502 41.513      A   58.5945  17.9306  238.5330 47.064 -16.062 54.719      B     357 5.924658e-01 2.3811927
 46.24450   165.488 316.54800   194.512 17.706  -2.190 21.551      A   58.5945  17.9306  238.5330 47.064 -16.062 54.719      B       1 9.988584e-01 2.3699841
 44.21180   311.631 347.56500   122.011 54.789 -16.502 41.513      A  212.8330  47.7238   78.0863 15.020  -8.549 25.868      B      14 9.840183e-01 2.3299645
 43.62170   165.488 316.54800   194.512 17.706  -2.190 21.551      A   64.0893 333.0910   87.4909 59.158 -18.623 46.870      B       0 1.000000e+00 2.2640394
 47.21220   162.289  73.32190   197.711 22.407  -6.294 26.840      A   64.2174 319.7320  154.0840 23.191  -7.394 26.636      B     796 9.132420e-02 2.2440857
 26.61620   311.631 347.56500   122.011 54.789 -16.502 41.513      A  130.5500 306.6610  310.7450 54.337 -15.824 40.916      B     850 2.968037e-02 2.0308626
 51.92470   165.488 316.54800   194.512 17.706  -2.190 21.551      A   64.2174 319.7320  154.0840 23.191  -7.394 26.636      B     602 3.127854e-01 2.0113743
 31.54370   311.631 347.56500   122.011 54.789 -16.502 41.513      A   64.0893 333.0910   87.4909 59.158 -18.623 46.870      B     635 2.751142e-01 1.8518853
 53.04580   165.488 316.54800   194.512 17.706  -2.190 21.551      A  162.4950   0.0000  180.0000 18.710  -1.611 23.383      B     671 2.340183e-01 1.6528164
 48.94240   162.289  73.32190   197.711 22.407  -6.294 26.840      A  212.8330  47.7238   78.0863 15.020  -8.549 25.868      B     600 3.150685e-01 1.5441010
 53.50260   165.488 316.54800   194.512 17.706  -2.190 21.551      A  212.8330  47.7238   78.0863 15.020  -8.549 25.868      B     581 3.367580e-01 0.9120465
A-C     RMSD Alpha_z.A  Beta_y.A Gamma_x.A   tx.A    ty.A   tz.A Unit.A Alpha_z.C  Beta_y.C Gamma_x.C   tx.C    ty.C   tz.C Unit.C clashes   no_clashes    Belief
  2.18123   190.196   6.25922   296.981 44.833 -13.906 62.717      A  110.8260 330.22100   20.7980 19.552   3.373 21.795      C       8 9.905549e-01 4.5837120
 30.79740   190.196   6.25922   296.981 44.833 -13.906 62.717      A  333.0830   2.19491  243.1630 25.156  -8.299 27.005      C     122 8.559622e-01 3.8408449
 16.19610   190.196   6.25922   296.981 44.833 -13.906 62.717      A   83.8374 325.40200  109.3340 22.471  -0.257 29.009      C      41 9.515939e-01 3.8407715
 22.47710   311.631 347.56500   122.011 54.789 -16.502 41.513      A  110.8260 330.22100   20.7980 19.552   3.373 21.795      C      15 9.822904e-01 3.7395457
 31.87770   190.196   6.25922   296.981 44.833 -13.906 62.717      A  284.5530  43.33270  284.5530 19.806  11.089 23.911      C       0 1.000000e+00 3.6750205
 24.04210   190.196   6.25922   296.981 44.833 -13.906 62.717      A  233.8380  65.70780   36.1883 20.005  -3.697 18.018      C      10 9.881936e-01 3.5352230
 29.11000   190.196   6.25922   296.981 44.833 -13.906 62.717      A  154.2090 333.13100  177.5740 14.857  -6.075 24.733      C      10 9.881936e-01 3.5243178
 28.92990   190.196   6.25922   296.981 44.833 -13.906 62.717      A   92.1463  25.60290  135.2840 32.492 -10.764 31.814      C     138 8.370720e-01 3.4976506
 33.33170   190.196   6.25922   296.981 44.833 -13.906 62.717      A  211.4170 342.07300  148.5830 18.682 -13.406 27.869      C      32 9.622196e-01 3.4669641
 39.52450   190.196   6.25922   296.981 44.833 -13.906 62.717      A  122.8760  47.67720  168.1390 44.882 -14.135 40.520      C     355 5.808737e-01 3.4586463
 22.33800   190.196   6.25922   296.981 44.833 -13.906 62.717      A   10.1843   6.26253  116.9210 26.865  -1.003 21.767      C      34 9.598583e-01 3.4100515
 31.78040   190.196   6.25922   296.981 44.833 -13.906 62.717      A  295.6630   1.90383   45.7250 20.271 -12.732 17.576      C      12 9.858324e-01 3.4068285
 34.43960   190.196   6.25922   296.981 44.833 -13.906 62.717      A  252.1590 342.96000  182.6950 25.651 -15.752 32.171      C     100 8.819362e-01 3.2723762
 54.27710   162.289  73.32190   197.711 22.407  -6.294 26.840      A    0.0000  89.95690    0.0000 44.664 -14.559 53.491      C      80 9.055490e-01 3.2441036
 26.63120   190.196   6.25922   296.981 44.833 -13.906 62.717      A  225.6720   1.90830   25.6192 12.265  -8.502 17.381      C       7 9.917355e-01 3.2292275
 26.25610   190.196   6.25922   296.981 44.833 -13.906 62.717      A  101.2120 334.66700  258.7880 23.410  -3.965 36.370      C     115 8.642267e-01 3.2272776
 34.72610   190.196   6.25922   296.981 44.833 -13.906 62.717      A  245.6890  30.95440  155.6640 26.582 -16.262 23.588      C      53 9.374262e-01 3.2176357
 52.97620   162.289  73.32190   197.711 22.407  -6.294 26.840      A  292.9090 281.38800  292.9090 52.302 -16.056 49.865      C      85 8.996458e-01 3.1919627
 38.94420   311.631 347.56500   122.011 54.789 -16.502 41.513      A  284.5530  43.33270  284.5530 19.806  11.089 23.911      C       1 9.988194e-01 2.8499821
 48.53040   190.196   6.25922   296.981 44.833 -13.906 62.717      A  272.7270 314.35900  113.6680 52.429 -23.937 45.110      C     266 6.859504e-01 2.8414348
 27.61840   311.631 347.56500   122.011 54.789 -16.502 41.513      A   83.8374 325.40200  109.3340 22.471  -0.257 29.009      C     165 8.051948e-01 2.7994371
 46.18570   190.196   6.25922   296.981 44.833 -13.906 62.717      A    0.0000  89.95690    0.0000 44.664 -14.559 53.491      C     697 1.770956e-01 2.7963409
 44.64970   190.196   6.25922   296.981 44.833 -13.906 62.717      A  292.9090 281.38800  292.9090 52.302 -16.056 49.865      C     628 2.585596e-01 2.7957872
 57.24700   165.488 316.54800   194.512 17.706  -2.190 21.551      A    0.0000  89.95690    0.0000 44.664 -14.559 53.491      C       3 9.964581e-01 2.7621913
 38.06490   311.631 347.56500   122.011 54.789 -16.502 41.513      A  333.0830   2.19491  243.1630 25.156  -8.299 27.005      C     287 6.611570e-01 2.7376176
 47.57120   190.196   6.25922   296.981 44.833 -13.906 62.717      A  306.3580  65.70780  323.8120 53.051 -23.176 36.190      C     187 7.792208e-01 2.7262167
 53.92110   162.289  73.32190   197.711 22.407  -6.294 26.840      A   44.8604 355.65100   10.5033 52.443 -12.281 57.856      C      66 9.220779e-01 2.7259557
 38.28820   190.196   6.25922   296.981 44.833 -13.906 62.717      A   90.0990 305.38400  269.9010 40.324 -12.248 47.138      C     654 2.278630e-01 2.7085227
 56.01510   165.488 316.54800   194.512 17.706  -2.190 21.551      A  292.9090 281.38800  292.9090 52.302 -16.056 49.865      C       4 9.952775e-01 2.6815118
 55.08640   162.289  73.32190   197.711 22.407  -6.294 26.840      A  207.4800  44.29540  272.6640 39.504 -16.932 59.878      C      29 9.657615e-01 2.6455142
 32.84020   311.631 347.56500   122.011 54.789 -16.502 41.513      A  233.8380  65.70780   36.1883 20.005  -3.697 18.018      C      36 9.574970e-01 2.6297585
 47.73750   162.289  73.32190   197.711 22.407  -6.294 26.840      A   90.0990 305.38400  269.9010 40.324 -12.248 47.138      C     373 5.596222e-01 2.6076781
 57.92850   162.289  73.32190   197.711 22.407  -6.294 26.840      A  348.7110 334.62500   11.2889 48.910 -20.521 58.249      C      78 9.079103e-01 2.5925591
 58.81390   162.289  73.32190   197.711 22.407  -6.294 26.840      A   62.8177 316.60000  332.6820 54.560 -13.261 65.943      C      10 9.881936e-01 2.5763006
 48.73480   162.289  73.32190   197.711 22.407  -6.294 26.840      A  122.8760  47.67720  168.1390 44.882 -14.135 40.520      C     434 4.876033e-01 2.5590692
 51.31840   311.631 347.56500   122.011 54.789 -16.502 41.513      A    0.0000  89.95690    0.0000 44.664 -14.559 53.491      C     369 5.643447e-01 2.5315346
 36.71310   311.631 347.56500   122.011 54.789 -16.502 41.513      A  154.2090 333.13100  177.5740 14.857  -6.075 24.733      C      78 9.079103e-01 2.4962841
 38.86460   311.631 347.56500   122.011 54.789 -16.502 41.513      A  295.6630   1.90383   45.7250 20.271 -12.732 17.576      C      46 9.456907e-01 2.4906373
 31.61400   311.631 347.56500   122.011 54.789 -16.502 41.513      A   10.1843   6.26253  116.9210 26.865  -1.003 21.767      C      89 8.949233e-01 2.4564606
 28.59450   162.289  73.32190   197.711 22.407  -6.294 26.840      A  110.8260 330.22100   20.7980 19.552   3.373 21.795      C     757 1.062574e-01 2.4155937
 62.07510   162.289  73.32190   197.711 22.407  -6.294 26.840      A    0.0000 270.01700    0.0000 47.375 -19.324 69.374      C      41 9.515939e-01 2.4091163
 40.14310   311.631 347.56500   122.011 54.789 -16.502 41.513      A  211.4170 342.07300  148.5830 18.682 -13.406 27.869      C     146 8.276269e-01 2.3692549
 34.78050   311.631 347.56500   122.011 54.789 -16.502 41.513      A  225.6720   1.90830   25.6192 12.265  -8.502 17.381      C      29 9.657615e-01 2.3589293
 56.28580   162.289  73.32190   197.711 22.407  -6.294 26.840      A  272.7270 314.35900  113.6680 52.429 -23.937 45.110      C     175 7.933884e-01 2.3164718
 51.08900   165.488 316.54800   194.512 17.706  -2.190 21.551      A   90.0990 305.38400  269.9010 40.324 -12.248 47.138      C     171 7.981110e-01 2.3099017
 45.76680   190.196   6.25922   296.981 44.833 -13.906 62.717      A   44.8604 355.65100   10.5033 52.443 -12.281 57.856      C     759 1.038961e-01 2.2486447
 55.46080   162.289  73.32190   197.711 22.407  -6.294 26.840      A  306.3580  65.70780  323.8120 53.051 -23.176 36.190      C     108 8.724911e-01 2.2483657
 52.02200   165.488 316.54800   194.512 17.706  -2.190 21.551      A  122.8760  47.67720  168.1390 44.882 -14.135 40.520      C     276 6.741440e-01 2.2429508
 34.49410   311.631 347.56500   122.011 54.789 -16.502 41.513      A  101.2120 334.66700  258.7880 23.410  -3.965 36.370      C     180 7.874852e-01 2.2417784
 56.90960   165.488 316.54800   194.512 17.706  -2.190 21.551      A   44.8604 355.65100   10.5033 52.443 -12.281 57.856      C       0 1.000000e+00 2.2002442
 44.34460   311.631 347.56500   122.011 54.789 -16.502 41.513      A   90.0990 305.38400  269.9010 40.324 -12.248 47.138      C     523 3.825266e-01 2.1867773
 41.30820   311.631 347.56500   122.011 54.789 -16.502 41.513      A  245.6890  30.95440  155.6640 26.582 -16.262 23.588      C     156 8.158205e-01 2.1757662
 41.06760   311.631 347.56500   122.011 54.789 -16.502 41.513      A  252.1590 342.96000  182.6950 25.651 -15.752 32.171      C     196 7.685950e-01 2.1431771
 60.72000   165.488 316.54800   194.512 17.706  -2.190 21.551      A  348.7110 334.62500   11.2889 48.910 -20.521 58.249      C       3 9.964581e-01 2.0768066
 52.17360   311.631 347.56500   122.011 54.789 -16.502 41.513      A  207.4800  44.29540  272.6640 39.504 -16.932 59.878      C     288 6.599764e-01 2.0707169
 55.16600   311.631 347.56500   122.011 54.789 -16.502 41.513      A  348.7110 334.62500   11.2889 48.910 -20.521 58.249      C     325 6.162928e-01 2.0667169
 36.57050   311.631 347.56500   122.011 54.789 -16.502 41.513      A   92.1463  25.60290  135.2840 32.492 -10.764 31.814      C     466 4.498229e-01 2.0285680
 58.01490   165.488 316.54800   194.512 17.706  -2.190 21.551      A  207.4800  44.29540  272.6640 39.504 -16.932 59.878      C       0 1.000000e+00 2.0277911
 50.94170   311.631 347.56500   122.011 54.789 -16.502 41.513      A   44.8604 355.65100   10.5033 52.443 -12.281 57.856      C     401 5.265643e-01 2.0132629
 50.42640   190.196   6.25922   296.981 44.833 -13.906 62.717      A  348.7110 334.62500   11.2889 48.910 -20.521 58.249      C     779 8.028335e-02 1.9512533
 61.56530   165.488 316.54800   194.512 17.706  -2.190 21.551      A   62.8177 316.60000  332.6820 54.560 -13.261 65.943      C       0 1.000000e+00 1.9390052
 56.09500   311.631 347.56500   122.011 54.789 -16.502 41.513      A   62.8177 316.60000  332.6820 54.560 -13.261 65.943      C     304 6.410862e-01 1.9230593
 59.15490   165.488 316.54800   194.512 17.706  -2.190 21.551      A  272.7270 314.35900  113.6680 52.429 -23.937 45.110      C      37 9.563164e-01 1.9109109
 59.50540   311.631 347.56500   122.011 54.789 -16.502 41.513      A    0.0000 270.01700    0.0000 47.375 -19.324 69.374      C     236 7.213695e-01 1.9070091
 64.68800   165.488 316.54800   194.512 17.706  -2.190 21.551      A    0.0000 270.01700    0.0000 47.375 -19.324 69.374      C       0 1.000000e+00 1.8290927
 45.41640   311.631 347.56500   122.011 54.789 -16.502 41.513      A  122.8760  47.67720  168.1390 44.882 -14.135 40.520      C     795 6.139315e-02 1.8229348
 58.37050   165.488 316.54800   194.512 17.706  -2.190 21.551      A  306.3580  65.70780  323.8120 53.051 -23.176 36.190      C       8 9.905549e-01 1.7919993
 47.13410   190.196   6.25922   296.981 44.833 -13.906 62.717      A  207.4800  44.29540  272.6640 39.504 -16.932 59.878      C     844 3.541914e-03 1.7867853
 42.76770   162.289  73.32190   197.711 22.407  -6.294 26.840      A  284.5530  43.33270  284.5530 19.806  11.089 23.911      C     598 2.939787e-01 1.7820823
 51.44110   190.196   6.25922   296.981 44.833 -13.906 62.717      A   62.8177 316.60000  332.6820 54.560 -13.261 65.943      C     762 1.003542e-01 1.7375597
 49.94050   311.631 347.56500   122.011 54.789 -16.502 41.513      A  292.9090 281.38800  292.9090 52.302 -16.056 49.865      C     783 7.556080e-02 1.7332125
 55.14010   190.196   6.25922   296.981 44.833 -13.906 62.717      A    0.0000 270.01700    0.0000 47.375 -19.324 69.374      C     777 8.264463e-02 1.7277979
 40.61810   162.289  73.32190   197.711 22.407  -6.294 26.840      A   92.1463  25.60290  135.2840 32.492 -10.764 31.814      C     663 2.172373e-01 1.6922761
 41.96860   162.289  73.32190   197.711 22.407  -6.294 26.840      A  333.0830   2.19491  243.1630 25.156  -8.299 27.005      C     830 2.007084e-02 1.6414349
 32.79030   162.289  73.32190   197.711 22.407  -6.294 26.840      A   83.8374 325.40200  109.3340 22.471  -0.257 29.009      C     785 7.319953e-02 1.5868529
 37.29490   162.289  73.32190   197.711 22.407  -6.294 26.840      A  233.8380  65.70780   36.1883 20.005  -3.697 18.018      C     732 1.357733e-01 1.5095600
 33.89480   165.488 316.54800   194.512 17.706  -2.190 21.551      A  110.8260 330.22100   20.7980 19.552   3.373 21.795      C     847 1.180638e-09 1.4754341
 44.50890   165.488 316.54800   194.512 17.706  -2.190 21.551      A   92.1463  25.60290  135.2840 32.492 -10.764 31.814      C     475 4.391972e-01 1.3862423
 40.74650   162.289  73.32190   197.711 22.407  -6.294 26.840      A  154.2090 333.13100  177.5740 14.857  -6.075 24.733      C     738 1.286895e-01 1.3125393
 45.74470   165.488 316.54800   194.512 17.706  -2.190 21.551      A  333.0830   2.19491  243.1630 25.156  -8.299 27.005      C     726 1.428571e-01 1.2851079
 42.69520   162.289  73.32190   197.711 22.407  -6.294 26.840      A  295.6630   1.90383   45.7250 20.271 -12.732 17.576      C     769 9.208973e-02 1.2061247
 44.93100   162.289  73.32190   197.711 22.407  -6.294 26.840      A  245.6890  30.95440  155.6640 26.582 -16.262 23.588      C     766 9.563164e-02 1.2019699
 38.75910   162.289  73.32190   197.711 22.407  -6.294 26.840      A  101.2120 334.66700  258.7880 23.410  -3.965 36.370      C     768 9.327037e-02 1.1414073
 36.21980   162.289  73.32190   197.711 22.407  -6.294 26.840      A   10.1843   6.26253  116.9210 26.865  -1.003 21.767      C     799 5.667060e-02 1.1373887
 39.01420   162.289  73.32190   197.711 22.407  -6.294 26.840      A  225.6720   1.90830   25.6192 12.265  -8.502 17.381      C     693 1.818182e-01 1.1254464
 44.70990   162.289  73.32190   197.711 22.407  -6.294 26.840      A  252.1590 342.96000  182.6950 25.651 -15.752 32.171      C     773 8.736718e-02 1.1244164
 43.86220   162.289  73.32190   197.711 22.407  -6.294 26.840      A  211.4170 342.07300  148.5830 18.682 -13.406 27.869      C     808 4.604487e-02 1.0988015
 37.50220   165.488 316.54800   194.512 17.706  -2.190 21.551      A   83.8374 325.40200  109.3340 22.471  -0.257 29.009      C     709 1.629280e-01 1.0791558
 53.43840   311.631 347.56500   122.011 54.789 -16.502 41.513      A  272.7270 314.35900  113.6680 52.429 -23.937 45.110      C     772 8.854782e-02 1.0401813
 48.27200   165.488 316.54800   194.512 17.706  -2.190 21.551      A  252.1590 342.96000  182.6950 25.651 -15.752 32.171      C     606 2.845336e-01 0.8955873
 42.81920   165.488 316.54800   194.512 17.706  -2.190 21.551      A  101.2120 334.66700  258.7880 23.410  -3.965 36.370      C     647 2.361275e-01 0.8484743
 52.56880   311.631 347.56500   122.011 54.789 -16.502 41.513      A  306.3580  65.70780  323.8120 53.051 -23.176 36.190      C     733 1.345927e-01 0.8383339
 46.47890   165.488 316.54800   194.512 17.706  -2.190 21.551      A  284.5530  43.33270  284.5530 19.806  11.089 23.911      C     713 1.582054e-01 0.7162187
 47.48800   165.488 316.54800   194.512 17.706  -2.190 21.551      A  211.4170 342.07300  148.5830 18.682 -13.406 27.869      C     684 1.924439e-01 0.6415987
 41.49850   165.488 316.54800   194.512 17.706  -2.190 21.551      A  233.8380  65.70780   36.1883 20.005  -3.697 18.018      C     752 1.121606e-01 0.6408006
 48.47690   165.488 316.54800   194.512 17.706  -2.190 21.551      A  245.6890  30.95440  155.6640 26.582 -16.262 23.588      C     655 2.266824e-01 0.6338195
 40.53500   165.488 316.54800   194.512 17.706  -2.190 21.551      A   10.1843   6.26253  116.9210 26.865  -1.003 21.767      C     710 1.617473e-01 0.6321939
 46.41230   165.488 316.54800   194.512 17.706  -2.190 21.551      A  295.6630   1.90383   45.7250 20.271 -12.732 17.576      C     779 8.028335e-02 0.4617854
 44.62610   165.488 316.54800   194.512 17.706  -2.190 21.551      A  154.2090 333.13100  177.5740 14.857  -6.075 24.733      C     818 3.423849e-02 0.4470051
 43.05020   165.488 316.54800   194.512 17.706  -2.190 21.551      A  225.6720   1.90830   25.6192 12.265  -8.502 17.381      C     768 9.327037e-02 0.3229635
B-C     RMSD Alpha_z.B Beta_y.B Gamma_x.B   tx.B    ty.B   tz.B Unit.B Alpha_z.C  Beta_y.C Gamma_x.C   tx.C    ty.C   tz.C Unit.C clashes   no_clashes    Belief
  2.33039  130.5500 306.6610  310.7450 54.337 -15.824 40.916      B  110.8260 330.22100   20.7980 19.552   3.373 21.795      C      11 9.870130e-01 4.5775429
 22.93420   31.8558  54.2443  148.2060 46.826 -14.752 62.856      B  110.8260 330.22100   20.7980 19.552   3.373 21.795      C       0 1.000000e+00 4.3276166
 19.37660   58.5945  17.9306  238.5330 47.064 -16.062 54.719      B  110.8260 330.22100   20.7980 19.552   3.373 21.795      C       0 1.000000e+00 3.7922341
 38.32780   31.8558  54.2443  148.2060 46.826 -14.752 62.856      B  333.0830   2.19491  243.1630 25.156  -8.299 27.005      C      94 8.890201e-01 3.6866878
 14.43830   64.0893 333.0910   87.4909 59.158 -18.623 46.870      B  110.8260 330.22100   20.7980 19.552   3.373 21.795      C       0 1.000000e+00 3.6862620
 31.87680  130.5500 306.6610  310.7450 54.337 -15.824 40.916      B  284.5530  43.33270  284.5530 19.806  11.089 23.911      C       1 9.988194e-01 3.6740335
 54.59580  162.4950   0.0000  180.0000 18.710  -1.611 23.383      B    0.0000  89.95690    0.0000 44.664 -14.559 53.491      C       3 9.964581e-01 3.6422676
 27.98840   31.8558  54.2443  148.2060 46.826 -14.752 62.856      B   83.8374 325.40200  109.3340 22.471  -0.257 29.009      C      15 9.822904e-01 3.6091913
 53.82680   64.2174 319.7320  154.0840 23.191  -7.394 26.636      B    0.0000  89.95690    0.0000 44.664 -14.559 53.491      C     137 8.382527e-01 3.5583728
 53.30370  162.4950   0.0000  180.0000 18.710  -1.611 23.383      B  292.9090 281.38800  292.9090 52.302 -16.056 49.865      C       6 9.929162e-01 3.5567114
 52.51580   64.2174 319.7320  154.0840 23.191  -7.394 26.636      B  292.9090 281.38800  292.9090 52.302 -16.056 49.865      C     118 8.606848e-01 3.4960189
 16.21120  130.5500 306.6610  310.7450 54.337 -15.824 40.916      B   83.8374 325.40200  109.3340 22.471  -0.257 29.009      C     195 7.697757e-01 3.4795324
 30.79730  130.5500 306.6610  310.7450 54.337 -15.824 40.916      B  333.0830   2.19491  243.1630 25.156  -8.299 27.005      C     312 6.316411e-01 3.4722797
 39.20050   31.8558  54.2443  148.2060 46.826 -14.752 62.856      B  284.5530  43.33270  284.5530 19.806  11.089 23.911      C       0 1.000000e+00 3.4048510
 46.17640  130.5500 306.6610  310.7450 54.337 -15.824 40.916      B    0.0000  89.95690    0.0000 44.664 -14.559 53.491      C     347 5.903188e-01 3.3868453
 29.11110  130.5500 306.6610  310.7450 54.337 -15.824 40.916      B  154.2090 333.13100  177.5740 14.857  -6.075 24.733      C      63 9.256198e-01 3.3841048
 24.04750  130.5500 306.6610  310.7450 54.337 -15.824 40.916      B  233.8380  65.70780   36.1883 20.005  -3.697 18.018      C      54 9.362456e-01 3.3746007
 36.84510   31.8558  54.2443  148.2060 46.826 -14.752 62.856      B   92.1463  25.60290  135.2840 32.492 -10.764 31.814      C     104 8.772137e-01 3.3300754
 22.34510  130.5500 306.6610  310.7450 54.337 -15.824 40.916      B   10.1843   6.26253  116.9210 26.865  -1.003 21.767      C      76 9.102715e-01 3.3162418
 33.14860   31.8558  54.2443  148.2060 46.826 -14.752 62.856      B  233.8380  65.70780   36.1883 20.005  -3.697 18.018      C       0 1.000000e+00 3.2831780
 31.77960  130.5500 306.6610  310.7450 54.337 -15.824 40.916      B  295.6630   1.90383   45.7250 20.271 -12.732 17.576      C      62 9.268005e-01 3.2789366
 36.98660   31.8558  54.2443  148.2060 46.826 -14.752 62.856      B  154.2090 333.13100  177.5740 14.857  -6.075 24.733      C       0 1.000000e+00 3.2613389
 40.39100   31.8558  54.2443  148.2060 46.826 -14.752 62.856      B  211.4170 342.07300  148.5830 18.682 -13.406 27.869      C       1 9.988194e-01 3.2411357
 31.93510   31.8558  54.2443  148.2060 46.826 -14.752 62.856      B   10.1843   6.26253  116.9210 26.865  -1.003 21.767      C       4 9.952775e-01 3.1978890
 26.63430  130.5500 306.6610  310.7450 54.337 -15.824 40.916      B  225.6720   1.90830   25.6192 12.265  -8.502 17.381      C      30 9.645809e-01 3.1943044
 45.63210   31.8558  54.2443  148.2060 46.826 -14.752 62.856      B  122.8760  47.67720  168.1390 44.882 -14.135 40.520      C     364 5.702479e-01 3.1737466
 39.12150   31.8558  54.2443  148.2060 46.826 -14.752 62.856      B  295.6630   1.90383   45.7250 20.271 -12.732 17.576      C       1 9.988194e-01 3.1492983
 48.10460  162.4950   0.0000  180.0000 18.710  -1.611 23.383      B   90.0990 305.38400  269.9010 40.324 -12.248 47.138      C     201 7.626919e-01 3.1341891
 33.32990  130.5500 306.6610  310.7450 54.337 -15.824 40.916      B  211.4170 342.07300  148.5830 18.682 -13.406 27.869      C     157 8.146399e-01 3.1239410
 53.46810   64.2174 319.7320  154.0840 23.191  -7.394 26.636      B   44.8604 355.65100   10.5033 52.443 -12.281 57.856      C      89 8.949233e-01 3.0966974
 54.24220  162.4950   0.0000  180.0000 18.710  -1.611 23.383      B   44.8604 355.65100   10.5033 52.443 -12.281 57.856      C       0 1.000000e+00 3.0810712
 58.39550   64.2174 319.7320  154.0840 23.191  -7.394 26.636      B   62.8177 316.60000  332.6820 54.560 -13.261 65.943      C      15 9.822904e-01 3.0537868
 49.09370  162.4950   0.0000  180.0000 18.710  -1.611 23.383      B  122.8760  47.67720  168.1390 44.882 -14.135 40.520      C     315 6.280992e-01 3.0405956
 34.78660   31.8558  54.2443  148.2060 46.826 -14.752 62.856      B  101.2120 334.66700  258.7880 23.410  -3.965 36.370      C      60 9.291617e-01 3.0288241
 38.28330  130.5500 306.6610  310.7450 54.337 -15.824 40.916      B   90.0990 305.38400  269.9010 40.324 -12.248 47.138      C     504 4.049587e-01 3.0280295
 41.54830   31.8558  54.2443  148.2060 46.826 -14.752 62.856      B  245.6890  30.95440  155.6640 26.582 -16.262 23.588      C      19 9.775679e-01 3.0179779
 41.30930   31.8558  54.2443  148.2060 46.826 -14.752 62.856      B  252.1590 342.96000  182.6950 25.651 -15.752 32.171      C      74 9.126328e-01 3.0094379
 54.64220   64.2174 319.7320  154.0840 23.191  -7.394 26.636      B  207.4800  44.29540  272.6640 39.504 -16.932 59.878      C      60 9.291617e-01 2.9949401
 35.07040   31.8558  54.2443  148.2060 46.826 -14.752 62.856      B  225.6720   1.90830   25.6192 12.265  -8.502 17.381      C       0 1.000000e+00 2.9812126
 58.22470  162.4950   0.0000  180.0000 18.710  -1.611 23.383      B  348.7110 334.62500   11.2889 48.910 -20.521 58.249      C       1 9.988194e-01 2.9774988
 26.25950  130.5500 306.6610  310.7450 54.337 -15.824 40.916      B  101.2120 334.66700  258.7880 23.410  -3.965 36.370      C     196 7.685950e-01 2.9714616
 36.31110   58.5945  17.9306  238.5330 47.064 -16.062 54.719      B  333.0830   2.19491  243.1630 25.156  -8.299 27.005      C     179 7.886659e-01 2.9692270
 47.23010   64.2174 319.7320  154.0840 23.191  -7.394 26.636      B   90.0990 305.38400  269.9010 40.324 -12.248 47.138      C     400 5.277450e-01 2.9576114
 27.75790   64.2174 319.7320  154.0840 23.191  -7.394 26.636      B  110.8260 330.22100   20.7980 19.552   3.373 21.795      C     693 1.818182e-01 2.9570399
 25.15600   58.5945  17.9306  238.5330 47.064 -16.062 54.719      B   83.8374 325.40200  109.3340 22.471  -0.257 29.009      C      51 9.397875e-01 2.9538416
 34.72340  130.5500 306.6610  310.7450 54.337 -15.824 40.916      B  245.6890  30.95440  155.6640 26.582 -16.262 23.588      C     166 8.040142e-01 2.9517125
 57.50420   64.2174 319.7320  154.0840 23.191  -7.394 26.636      B  348.7110 334.62500   11.2889 48.910 -20.521 58.249      C     112 8.677686e-01 2.9491482
 21.58330   64.0893 333.0910   87.4909 59.158 -18.623 46.870      B   83.8374 325.40200  109.3340 22.471  -0.257 29.009      C      25 9.704841e-01 2.9396932
 48.23700   64.2174 319.7320  154.0840 23.191  -7.394 26.636      B  122.8760  47.67720  168.1390 44.882 -14.135 40.520      C     471 4.439197e-01 2.9272829
 47.12440  130.5500 306.6610  310.7450 54.337 -15.824 40.916      B  207.4800  44.29540  272.6640 39.504 -16.932 59.878      C     260 6.930342e-01 2.9124014
 34.43700  130.5500 306.6610  310.7450 54.337 -15.824 40.916      B  252.1590 342.96000  182.6950 25.651 -15.752 32.171      C     211 7.508855e-01 2.9076323
 55.39990  162.4950   0.0000  180.0000 18.710  -1.611 23.383      B  207.4800  44.29540  272.6640 39.504 -16.932 59.878      C       1 9.988194e-01 2.9026309
 50.41500  130.5500 306.6610  310.7450 54.337 -15.824 40.916      B  348.7110 334.62500   11.2889 48.910 -20.521 58.249      C     309 6.351830e-01 2.8818351
 28.93120  130.5500 306.6610  310.7450 54.337 -15.824 40.916      B   92.1463  25.60290  135.2840 32.492 -10.764 31.814      C     449 4.698937e-01 2.8765598
 37.23110   58.5945  17.9306  238.5330 47.064 -16.062 54.719      B  284.5530  43.33270  284.5530 19.806  11.089 23.911      C       0 1.000000e+00 2.8687592
 33.93390   64.0893 333.0910   87.4909 59.158 -18.623 46.870      B  333.0830   2.19491  243.1630 25.156  -8.299 27.005      C     161 8.099174e-01 2.8430925
 56.59180  162.4950   0.0000  180.0000 18.710  -1.611 23.383      B  272.7270 314.35900  113.6680 52.429 -23.937 45.110      C      32 9.622196e-01 2.8314296
 51.42920  130.5500 306.6610  310.7450 54.337 -15.824 40.916      B   62.8177 316.60000  332.6820 54.560 -13.261 65.943      C     275 6.753247e-01 2.8215031
 59.10500  162.4950   0.0000  180.0000 18.710  -1.611 23.383      B   62.8177 316.60000  332.6820 54.560 -13.261 65.943      C       0 1.000000e+00 2.8193598
 61.67650   64.2174 319.7320  154.0840 23.191  -7.394 26.636      B    0.0000 270.01700    0.0000 47.375 -19.324 69.374      C      56 9.338843e-01 2.8049442
 55.85030   64.2174 319.7320  154.0840 23.191  -7.394 26.636      B  272.7270 314.35900  113.6680 52.429 -23.937 45.110      C     194 7.709563e-01 2.7727201
 54.91070  212.8330  47.7238   78.0863 15.020  -8.549 25.868      B    0.0000  89.95690    0.0000 44.664 -14.559 53.491      C       0 1.000000e+00 2.7667564
 34.91660   64.0893 333.0910   87.4909 59.158 -18.623 46.870      B  284.5530  43.33270  284.5530 19.806  11.089 23.911      C       0 1.000000e+00 2.7636246
 30.79450   58.5945  17.9306  238.5330 47.064 -16.062 54.719      B  233.8380  65.70780   36.1883 20.005  -3.697 18.018      C       1 9.988194e-01 2.7424725
 55.12640  130.5500 306.6610  310.7450 54.337 -15.824 40.916      B    0.0000 270.01700    0.0000 47.375 -19.324 69.374      C     217 7.438017e-01 2.7333889
 34.89240   58.5945  17.9306  238.5330 47.064 -16.062 54.719      B  154.2090 333.13100  177.5740 14.857  -6.075 24.733      C       5 9.940968e-01 2.7215514
 62.34880  162.4950   0.0000  180.0000 18.710  -1.611 23.383      B    0.0000 270.01700    0.0000 47.375 -19.324 69.374      C       0 1.000000e+00 2.7100274
 53.62620  212.8330  47.7238   78.0863 15.020  -8.549 25.868      B  292.9090 281.38800  292.9090 52.302 -16.056 49.865      C       4 9.952775e-01 2.6747857
 45.75770  130.5500 306.6610  310.7450 54.337 -15.824 40.916      B   44.8604 355.65100   10.5033 52.443 -12.281 57.856      C     407 5.194805e-01 2.6747857
 55.77190  162.4950   0.0000  180.0000 18.710  -1.611 23.383      B  306.3580  65.70780  323.8120 53.051 -23.176 36.190      C       9 9.893743e-01 2.6574437
 39.51890  130.5500 306.6610  310.7450 54.337 -15.824 40.916      B  122.8760  47.67720  168.1390 44.882 -14.135 40.520      C     754 1.097993e-01 2.6530062
 29.48430   58.5945  17.9306  238.5330 47.064 -16.062 54.719      B   10.1843   6.26253  116.9210 26.865  -1.003 21.767      C       7 9.917355e-01 2.6520894
 27.95200   64.0893 333.0910   87.4909 59.158 -18.623 46.870      B  233.8380  65.70780   36.1883 20.005  -3.697 18.018      C       0 1.000000e+00 2.6428446
 38.48250   58.5945  17.9306  238.5330 47.064 -16.062 54.719      B  211.4170 342.07300  148.5830 18.682 -13.406 27.869      C      15 9.822904e-01 2.6391651
 37.14790   58.5945  17.9306  238.5330 47.064 -16.062 54.719      B  295.6630   1.90383   45.7250 20.271 -12.732 17.576      C       2 9.976387e-01 2.6169984
 55.01940   64.2174 319.7320  154.0840 23.191  -7.394 26.636      B  306.3580  65.70780  323.8120 53.051 -23.176 36.190      C     129 8.476978e-01 2.6152529
 32.41130   64.0893 333.0910   87.4909 59.158 -18.623 46.870      B  154.2090 333.13100  177.5740 14.857  -6.075 24.733      C       1 9.988194e-01 2.6139636
 36.24800   64.0893 333.0910   87.4909 59.158 -18.623 46.870      B  211.4170 342.07300  148.5830 18.682 -13.406 27.869      C      14 9.834711e-01 2.5646392
 26.50160   64.0893 333.0910   87.4909 59.158 -18.623 46.870      B   10.1843   6.26253  116.9210 26.865  -1.003 21.767      C       6 9.929162e-01 2.5590556
 53.61660   31.8558  54.2443  148.2060 46.826 -14.752 62.856      B  272.7270 314.35900  113.6680 52.429 -23.937 45.110      C     273 6.776860e-01 2.5437895
 50.13370   31.8558  54.2443  148.2060 46.826 -14.752 62.856      B  292.9090 281.38800  292.9090 52.302 -16.056 49.865      C     649 2.337662e-01 2.5395366
 51.50540   31.8558  54.2443  148.2060 46.826 -14.752 62.856      B    0.0000  89.95690    0.0000 44.664 -14.559 53.491      C     683 1.936246e-01 2.5234042
 44.56630   31.8558  54.2443  148.2060 46.826 -14.752 62.856      B   90.0990 305.38400  269.9010 40.324 -12.248 47.138      C     594 2.987013e-01 2.5212503
 34.82790   64.0893 333.0910   87.4909 59.158 -18.623 46.870      B  295.6630   1.90383   45.7250 20.271 -12.732 17.576      C       0 1.000000e+00 2.5102292
 44.64120  130.5500 306.6610  310.7450 54.337 -15.824 40.916      B  292.9090 281.38800  292.9090 52.302 -16.056 49.865      C     775 8.500590e-02 2.5089773
 39.69550   58.5945  17.9306  238.5330 47.064 -16.062 54.719      B  245.6890  30.95440  155.6640 26.582 -16.262 23.588      C      24 9.716647e-01 2.4932999
 52.75050   31.8558  54.2443  148.2060 46.826 -14.752 62.856      B  306.3580  65.70780  323.8120 53.051 -23.176 36.190      C     207 7.556080e-01 2.4823120
 37.26850   64.0893 333.0910   87.4909 59.158 -18.623 46.870      B  252.1590 342.96000  182.6950 25.651 -15.752 32.171      C      40 9.527745e-01 2.4722385
 29.87640   64.0893 333.0910   87.4909 59.158 -18.623 46.870      B  101.2120 334.66700  258.7880 23.410  -3.965 36.370      C      29 9.657615e-01 2.4602260
 34.74240   58.5945  17.9306  238.5330 47.064 -16.062 54.719      B   92.1463  25.60290  135.2840 32.492 -10.764 31.814      C     240 7.166470e-01 2.4487478
 32.55120   58.5945  17.9306  238.5330 47.064 -16.062 54.719      B  101.2120 334.66700  258.7880 23.410  -3.965 36.370      C     108 8.724911e-01 2.4447644
 32.85440   58.5945  17.9306  238.5330 47.064 -16.062 54.719      B  225.6720   1.90830   25.6192 12.265  -8.502 17.381      C       0 1.000000e+00 2.4437743
 29.22110  162.4950   0.0000  180.0000 18.710  -1.611 23.383      B  110.8260 330.22100   20.7980 19.552   3.373 21.795      C     847 1.180638e-09 2.3965976
 32.24980   64.0893 333.0910   87.4909 59.158 -18.623 46.870      B   92.1463  25.60290  135.2840 32.492 -10.764 31.814      C     288 6.599764e-01 2.3953119
 48.32490   64.0893 333.0910   87.4909 59.158 -18.623 46.870      B    0.0000  89.95690    0.0000 44.664 -14.559 53.491      C     415 5.100354e-01 2.3805323
 30.20630   64.0893 333.0910   87.4909 59.158 -18.623 46.870      B  225.6720   1.90830   25.6192 12.265  -8.502 17.381      C       0 1.000000e+00 2.3385667
 37.53330   64.0893 333.0910   87.4909 59.158 -18.623 46.870      B  245.6890  30.95440  155.6640 26.582 -16.262 23.588      C      32 9.622196e-01 2.3262099
 39.44530   58.5945  17.9306  238.5330 47.064 -16.062 54.719      B  252.1590 342.96000  182.6950 25.651 -15.752 32.171      C     144 8.299882e-01 2.2994876
 48.46170  212.8330  47.7238   78.0863 15.020  -8.549 25.868      B   90.0990 305.38400  269.9010 40.324 -12.248 47.138      C     201 7.626919e-01 2.2931539
 40.84900   64.0893 333.0910   87.4909 59.158 -18.623 46.870      B   90.0990 305.38400  269.9010 40.324 -12.248 47.138      C     407 5.194805e-01 2.2851605
 42.20430   64.2174 319.7320  154.0840 23.191  -7.394 26.636      B  284.5530  43.33270  284.5530 19.806  11.089 23.911      C     565 3.329398e-01 2.2738820
 42.39010  162.4950   0.0000  180.0000 18.710  -1.611 23.383      B  333.0830   2.19491  243.1630 25.156  -8.299 27.005      C     729 1.393152e-01 2.2585589
 49.44360  212.8330  47.7238   78.0863 15.020  -8.549 25.868      B  122.8760  47.67720  168.1390 44.882 -14.135 40.520      C     318 6.245573e-01 2.2088918
 41.39490   64.2174 319.7320  154.0840 23.191  -7.394 26.636      B  333.0830   2.19491  243.1630 25.156  -8.299 27.005      C     842 5.903189e-03 2.2067201
 54.55910  212.8330  47.7238   78.0863 15.020  -8.549 25.868      B   44.8604 355.65100   10.5033 52.443 -12.281 57.856      C       0 1.000000e+00 2.1992475
 43.95180   58.5945  17.9306  238.5330 47.064 -16.062 54.719      B  122.8760  47.67720  168.1390 44.882 -14.135 40.520      C     637 2.479339e-01 2.1641683
 58.52010  212.8330  47.7238   78.0863 15.020  -8.549 25.868      B  348.7110 334.62500   11.2889 48.910 -20.521 58.249      C       2 9.976387e-01 2.0880142
 41.05430  162.4950   0.0000  180.0000 18.710  -1.611 23.383      B   92.1463  25.60290  135.2840 32.492 -10.764 31.814      C     541 3.612751e-01 2.0827577
 40.02600   64.2174 319.7320  154.0840 23.191  -7.394 26.636      B   92.1463  25.60290  135.2840 32.492 -10.764 31.814      C     716 1.546635e-01 2.0500963
 32.06040   64.2174 319.7320  154.0840 23.191  -7.394 26.636      B   83.8374 325.40200  109.3340 22.471  -0.257 29.009      C     779 8.028335e-02 2.0165720
 55.71030  212.8330  47.7238   78.0863 15.020  -8.549 25.868      B  207.4800  44.29540  272.6640 39.504 -16.932 59.878      C       2 9.976387e-01 2.0145049
 42.00930   64.0893 333.0910   87.4909 59.158 -18.623 46.870      B  122.8760  47.67720  168.1390 44.882 -14.135 40.520      C     653 2.290437e-01 1.9508049
 56.89570  212.8330  47.7238   78.0863 15.020  -8.549 25.868      B  272.7270 314.35900  113.6680 52.429 -23.937 45.110      C      27 9.681228e-01 1.9471616
 59.39600  212.8330  47.7238   78.0863 15.020  -8.549 25.868      B   62.8177 316.60000  332.6820 54.560 -13.261 65.943      C       0 1.000000e+00 1.9370623
 29.80540  212.8330  47.7238   78.0863 15.020  -8.549 25.868      B  110.8260 330.22100   20.7980 19.552   3.373 21.795      C     704 1.688312e-01 1.8908718
 50.02280   58.5945  17.9306  238.5330 47.064 -16.062 54.719      B    0.0000  89.95690    0.0000 44.664 -14.559 53.491      C     682 1.948052e-01 1.8821433
 51.13040   31.8558  54.2443  148.2060 46.826 -14.752 62.856      B   44.8604 355.65100   10.5033 52.443 -12.281 57.856      C     746 1.192444e-01 1.8805052
 62.62470  212.8330  47.7238   78.0863 15.020  -8.549 25.868      B    0.0000 270.01700    0.0000 47.375 -19.324 69.374      C       0 1.000000e+00 1.8279282
 36.65170   64.2174 319.7320  154.0840 23.191  -7.394 26.636      B  233.8380  65.70780   36.1883 20.005  -3.697 18.018      C     712 1.593861e-01 1.7862314
 56.08020  212.8330  47.7238   78.0863 15.020  -8.549 25.868      B  306.3580  65.70780  323.8120 53.051 -23.176 36.190      C       8 9.905549e-01 1.7781049
 55.33730   31.8558  54.2443  148.2060 46.826 -14.752 62.856      B  348.7110 334.62500   11.2889 48.910 -20.521 58.249      C     765 9.681228e-02 1.7546366
 48.52000  130.5500 306.6610  310.7450 54.337 -15.824 40.916      B  272.7270 314.35900  113.6680 52.429 -23.937 45.110      C     791 6.611570e-02 1.7444549
 38.13960   64.2174 319.7320  154.0840 23.191  -7.394 26.636      B  101.2120 334.66700  258.7880 23.410  -3.965 36.370      C     768 9.327037e-02 1.7419563
 40.15630   64.2174 319.7320  154.0840 23.191  -7.394 26.636      B  154.2090 333.13100  177.5740 14.857  -6.075 24.733      C     750 1.145218e-01 1.7330466
 42.84420   58.5945  17.9306  238.5330 47.064 -16.062 54.719      B   90.0990 305.38400  269.9010 40.324 -12.248 47.138      C     715 1.558442e-01 1.7312352
 48.60920   58.5945  17.9306  238.5330 47.064 -16.062 54.719      B  292.9090 281.38800  292.9090 52.302 -16.056 49.865      C     741 1.251476e-01 1.7275868
 46.86010   64.0893 333.0910   87.4909 59.158 -18.623 46.870      B  292.9090 281.38800  292.9090 52.302 -16.056 49.865      C     762 1.003542e-01 1.6985084
 43.18070  162.4950   0.0000  180.0000 18.710  -1.611 23.383      B  284.5530  43.33270  284.5530 19.806  11.089 23.911      C     704 1.688312e-01 1.6952343
 38.39870   64.2174 319.7320  154.0840 23.191  -7.394 26.636      B  225.6720   1.90830   25.6192 12.265  -8.502 17.381      C     690 1.853601e-01 1.6870784
 35.55800   64.2174 319.7320  154.0840 23.191  -7.394 26.636      B   10.1843   6.26253  116.9210 26.865  -1.003 21.767      C     791 6.611570e-02 1.6744103
 47.56120  130.5500 306.6610  310.7450 54.337 -15.824 40.916      B  306.3580  65.70780  323.8120 53.051 -23.176 36.190      C     740 1.263282e-01 1.6635667
 52.38990   64.0893 333.0910   87.4909 59.158 -18.623 46.870      B  348.7110 334.62500   11.2889 48.910 -20.521 58.249      C     424 4.994097e-01 1.6577949
 56.93820   64.0893 333.0910   87.4909 59.158 -18.623 46.870      B    0.0000 270.01700    0.0000 47.375 -19.324 69.374      C     331 6.092090e-01 1.6563670
 49.23150   64.0893 333.0910   87.4909 59.158 -18.623 46.870      B  207.4800  44.29540  272.6640 39.504 -16.932 59.878      C     442 4.781582e-01 1.6549973
 33.33540  162.4950   0.0000  180.0000 18.710  -1.611 23.383      B   83.8374 325.40200  109.3340 22.471  -0.257 29.009      C     781 7.792208e-02 1.6513373
 37.77200  162.4950   0.0000  180.0000 18.710  -1.611 23.383      B  233.8380  65.70780   36.1883 20.005  -3.697 18.018      C     746 1.192444e-01 1.6363652
 39.21740  162.4950   0.0000  180.0000 18.710  -1.611 23.383      B  101.2120 334.66700  258.7880 23.410  -3.965 36.370      C     684 1.924439e-01 1.6278636
 47.92500   64.0893 333.0910   87.4909 59.158 -18.623 46.870      B   44.8604 355.65100   10.5033 52.443 -12.281 57.856      C     479 4.344746e-01 1.6167652
 45.10380  162.4950   0.0000  180.0000 18.710  -1.611 23.383      B  252.1590 342.96000  182.6950 25.651 -15.752 32.171      C     621 2.668241e-01 1.6152145
 43.31220   64.2174 319.7320  154.0840 23.191  -7.394 26.636      B  211.4170 342.07300  148.5830 18.682 -13.406 27.869      C     816 3.659977e-02 1.6115487
 42.13090   64.2174 319.7320  154.0840 23.191  -7.394 26.636      B  295.6630   1.90383   45.7250 20.271 -12.732 17.576      C     780 7.910272e-02 1.5950666
 44.16990   64.2174 319.7320  154.0840 23.191  -7.394 26.636      B  252.1590 342.96000  182.6950 25.651 -15.752 32.171      C     783 7.556080e-02 1.5917052
 52.19390   58.5945  17.9306  238.5330 47.064 -16.062 54.719      B  272.7270 314.35900  113.6680 52.429 -23.937 45.110      C     544 3.577332e-01 1.5361060
 36.71170  162.4950   0.0000  180.0000 18.710  -1.611 23.383      B   10.1843   6.26253  116.9210 26.865  -1.003 21.767      C     704 1.688312e-01 1.5331766
 56.26290   31.8558  54.2443  148.2060 46.826 -14.752 62.856      B   62.8177 316.60000  332.6820 54.560 -13.261 65.943      C     775 8.500590e-02 1.5326343
 41.18130  162.4950   0.0000  180.0000 18.710  -1.611 23.383      B  154.2090 333.13100  177.5740 14.857  -6.075 24.733      C     761 1.015348e-01 1.5270063
 45.32280  162.4950   0.0000  180.0000 18.710  -1.611 23.383      B  245.6890  30.95440  155.6640 26.582 -16.262 23.588      C     641 2.432113e-01 1.5132066
 43.10900  162.4950   0.0000  180.0000 18.710  -1.611 23.383      B  295.6630   1.90383   45.7250 20.271 -12.732 17.576      C     727 1.416765e-01 1.4885003
 44.26430  162.4950   0.0000  180.0000 18.710  -1.611 23.383      B  211.4170 342.07300  148.5830 18.682 -13.406 27.869      C     710 1.617473e-01 1.4851187
 39.46940  162.4950   0.0000  180.0000 18.710  -1.611 23.383      B  225.6720   1.90830   25.6192 12.265  -8.502 17.381      C     667 2.125148e-01 1.4729079
 53.36660   64.0893 333.0910   87.4909 59.158 -18.623 46.870      B   62.8177 316.60000  332.6820 54.560 -13.261 65.943      C     464 4.521842e-01 1.4658351
 44.39350   64.2174 319.7320  154.0840 23.191  -7.394 26.636      B  245.6890  30.95440  155.6640 26.582 -16.262 23.588      C     769 9.208973e-02 1.4591221
 59.66130   31.8558  54.2443  148.2060 46.826 -14.752 62.856      B    0.0000 270.01700    0.0000 47.375 -19.324 69.374      C     741 1.251476e-01 1.4563348
 52.35700   31.8558  54.2443  148.2060 46.826 -14.752 62.856      B  207.4800  44.29540  272.6640 39.504 -16.932 59.878      C     799 5.667060e-02 1.4440890
 51.30380   58.5945  17.9306  238.5330 47.064 -16.062 54.719      B  306.3580  65.70780  323.8120 53.051 -23.176 36.190      C     475 4.391972e-01 1.3796359
 53.96010   58.5945  17.9306  238.5330 47.064 -16.062 54.719      B  348.7110 334.62500   11.2889 48.910 -20.521 58.249      C     693 1.818182e-01 1.3726680
 49.63660   58.5945  17.9306  238.5330 47.064 -16.062 54.719      B   44.8604 355.65100   10.5033 52.443 -12.281 57.856      C     713 1.582054e-01 1.3569350
 41.47220  212.8330  47.7238   78.0863 15.020  -8.549 25.868      B   92.1463  25.60290  135.2840 32.492 -10.764 31.814      C     498 4.120425e-01 1.3363240
 50.56900   64.0893 333.0910   87.4909 59.158 -18.623 46.870      B  272.7270 314.35900  113.6680 52.429 -23.937 45.110      C     634 2.514758e-01 1.2981236
 33.84870  212.8330  47.7238   78.0863 15.020  -8.549 25.868      B   83.8374 325.40200  109.3340 22.471  -0.257 29.009      C     639 2.455726e-01 1.2834594
 42.79490  212.8330  47.7238   78.0863 15.020  -8.549 25.868      B  333.0830   2.19491  243.1630 25.156  -8.299 27.005      C     733 1.345927e-01 1.2551031
 54.90880   58.5945  17.9306  238.5330 47.064 -16.062 54.719      B   62.8177 316.60000  332.6820 54.560 -13.261 65.943      C     729 1.393152e-01 1.1296410
 43.57820  212.8330  47.7238   78.0863 15.020  -8.549 25.868      B  284.5530  43.33270  284.5530 19.806  11.089 23.911      C     542 3.600945e-01 1.1104813
 58.38620   58.5945  17.9306  238.5330 47.064 -16.062 54.719      B    0.0000 270.01700    0.0000 47.375 -19.324 69.374      C     647 2.361275e-01 1.0705617
 49.64980   64.0893 333.0910   87.4909 59.158 -18.623 46.870      B  306.3580  65.70780  323.8120 53.051 -23.176 36.190      C     633 2.526564e-01 1.0586294
 50.89920   58.5945  17.9306  238.5330 47.064 -16.062 54.719      B  207.4800  44.29540  272.6640 39.504 -16.932 59.878      C     738 1.286895e-01 1.0579845
 43.50720  212.8330  47.7238   78.0863 15.020  -8.549 25.868      B  295.6630   1.90383   45.7250 20.271 -12.732 17.576      C     661 2.195986e-01 0.8260535
 45.48450  212.8330  47.7238   78.0863 15.020  -8.549 25.868      B  252.1590 342.96000  182.6950 25.651 -15.752 32.171      C     647 2.361275e-01 0.8258412
 39.65470  212.8330  47.7238   78.0863 15.020  -8.549 25.868      B  101.2120 334.66700  258.7880 23.410  -3.965 36.370      C     659 2.219599e-01 0.7948154
 45.70170  212.8330  47.7238   78.0863 15.020  -8.549 25.868      B  245.6890  30.95440  155.6640 26.582 -16.262 23.588      C     629 2.573790e-01 0.7665874
 38.22580  212.8330  47.7238   78.0863 15.020  -8.549 25.868      B  233.8380  65.70780   36.1883 20.005  -3.697 18.018      C     702 1.711924e-01 0.7236542
 37.17840  212.8330  47.7238   78.0863 15.020  -8.549 25.868      B   10.1843   6.26253  116.9210 26.865  -1.003 21.767      C     676 2.018890e-01 0.7103393
 44.65210  212.8330  47.7238   78.0863 15.020  -8.549 25.868      B  211.4170 342.07300  148.5830 18.682 -13.406 27.869      C     766 9.563164e-02 0.6941953
 41.59790  212.8330  47.7238   78.0863 15.020  -8.549 25.868      B  154.2090 333.13100  177.5740 14.857  -6.075 24.733      C     746 1.192444e-01 0.6644229
 39.90390  212.8330  47.7238   78.0863 15.020  -8.549 25.868      B  225.6720   1.90830   25.6192 12.265  -8.502 17.381      C     737 1.298701e-01 0.4100069
